19
21
24
27
29
31
35
37
39
43
45
47
49
51
54
56
59
60
63
63
67
69
71
74
76
79
81
83
85
87
89
91
93
95
95
98
99
102
103
105
107
109
111
111
113
115
117
119
119
121
123
124
125
127
127
129
131
134
135
137
139
141
143
143
145
147
149
151
152
153
155
156
158
159
159
162
163
165
167
167
169
171
172
173
174
175
176
177
179
180
181
182
183
184
185
186
187
188
188
189
190
191
191
191
193
194
195
196
197
198
199
199
199
200
201
201
202
203
203
203
204
204
204
205
205
205
206
206
206
206
206
206
206
206
207